/* eslint-disable no-underscore-dangle */
/* eslint-disable no-console */
/* eslint-disable linebreak-style */
/* eslint-disable react/prop-types */
/* eslint-disable no-unused-vars */
/* eslint-disable no-use-before-define */
/* eslint-disable camelcase */
/* eslint-disable no-param-reassign */
import React, { Component, PureComponent } from 'react';
// import PropTypes from 'prop-types';
// import { connect } from 'react-redux';
// import { push } from 'react-router-redux';
import * as d3 from 'd3';
// import * as sententree from 'sententree';
// import { max } from 'moment';
// import { Row, Form } from 'antd';
import Chart from 'react-google-charts';
import netClustering from 'netclustering';
import * as science from 'science';
import * as Queue from 'tiny-queue';
import * as reorder from 'reorder.js/index';
import sentiment from 'multilang-sentiment';
import { string } from 'prop-types';
import * as jsnx from 'jsnetworkx';
import Louvain from './jLouvain';
import table from './table';
import { OpinionLeader } from './OpinionLeader';
import { AuthorTable } from './authorTable';
import WordTree from './wordTree';
import OpinionLeaderView from './OpinionLeaderView';
// import request from 'request';

const SetNumOfNodes = 200;
class Graph extends Component {
  constructor(props) {
    super(props);
    this.myRef = React.createRef();
    this.state = {
      ...props,
      draw: 1,
      cellData: {},
      beforeThisDate: '',
      cellForceSimulation: '',
      totalAuthorInfluence: '',
      user: [],
      hover: 0,
    };
    this.drawWordTree = this.drawWordTree.bind(this);
  }

  componentDidMount() {
    // console.log(this.props.name);
    // console.log('vis_DidMount');
  }

  shouldComponentUpdate(nextProps, nextState) {
    // console.log(this.state, nextState);
    const { opState: thisOpState, ...thisWithoutOpState } = this.props;
    const { opState: nextOpstate, ...nextWithoutOpState } = nextProps;
    const { hover, word } = this.state;
    // console.log(this.props, nextProps);
    // console.log(thisWithoutOpState, nextWithoutOpState);
    if (!hover) {
      if (JSON.stringify(thisWithoutOpState) === JSON.stringify(nextWithoutOpState)) {
        if (JSON.stringify(word) === JSON.stringify(nextState.word)) {
          console.log('shouldUpdate? No!!');
          return false;
        }
      }
    }
    console.log('vis update !');
    if (JSON.stringify(thisWithoutOpState)
      !== JSON.stringify(nextWithoutOpState) || nextState.draw === 1) {
      this.props = nextProps;
      this.drawwithlabels();
    }
    return true;
  }

  drawWordTree = (d) => {
    const options = {
      maxFontSize: 14,
      wordtree: {
        format: 'implicit',
        word: 'cats',
      },
    };
    const style = {
      float: 'left',
      border: '2px solid gray',
    };
    return (
      <div className="wordTree" style={style}>
        <Chart
          // style={style}
          chartType="WordTree"
          width="100%"
          height="700px"
          data={d}
          options={options}
        />
      </div>
    );
  }

  drawwithlabels() {
    let mat1 = [
      [
        1,
        0.0017271157167530224,
        0.012738853503184714,
        0.00211864406779661,
        0.004329004329004329,
        0.012970969734403953,
        0.0018726591760299626,
        0.001876172607879925,
        0.005964214711729622,
        0.0021231422505307855,
        0.006361323155216285,
        0.008264462809917356,
        0.01410105757931845,
        0.002145922746781116,
        0.009918845807033363,
        0.006085192697768763,
        0.009345794392523364,
        0.002066115702479339,
        0.017013232514177693,
        0.0021691973969631237,
        0.0021929824561403508,
        0.004048582995951417,
        0.001937984496124031,
        0.001937984496124031,
        0.0021598272138228943,
        0.008680555555555556,
        0.009633911368015413,
        0.01509433962264151,
        0.0033222591362126247,
        0.0033112582781456954,
        0.006134969325153374,
        0.0016638935108153079,
        0.0031446540880503146,
        0.003278688524590164,
        0.0033500837520938024,
        0.0015923566878980893,
        0.005145797598627788,
        0.0017730496453900709,
        0.00375234521575985,
        0.0016181229773462784,
        0.0016835016835016834,
        0.0018115942028985507,
        0.004373177842565598,
        0.0015527950310559005,
        0.0016233766233766235,
        0.004672897196261682,
        0.005136986301369863,
        0.0030911901081916537,
        0.0039447731755424065,
        0.0016835016835016834,
        0.0034662045060658577,
        0.00902061855670103,
        0.005791505791505791,
        0.010146561443066516,
        0.0036101083032490976,
        0.008443908323281062,
        0.00964630225080386,
        0.006791171477079796,
        0.015895953757225433,
        0.0060882800608828,
        0.007662835249042145,
        0.011157601115760111,
        0.00473186119873817,
        0.0030864197530864196,
        0.01011804384485666,
        0.007032348804500703,
        0.005253940455341506,
        0.006896551724137931,
        0.011876484560570071,
        0.016423357664233577,
        0.0071301247771836,
        0.0036363636363636364,
        0.002178649237472767,
        0.00686106346483705,
        0.002188183807439825,
        0.011876484560570071,
        0.013114754098360656,
        0.011556764106050306,
        0.012782694198623401,
        0.007159904534606206,
        0.005836575875486381,
        0.008818342151675485
      ],
      [
        0.0017271157167530224,
        1,
        0.005813953488372093,
        0.005494505494505495,
        0.005780346820809248,
        0.0052122114668652275,
        0.016597510373443983,
        0.008264462809917356,
        0.004651162790697674,
        0.0055248618784530384,
        0.006024096385542169,
        0.005076142131979695,
        0.007029876977152899,
        0.005681818181818182,
        0.0024154589371980675,
        0.00980392156862745,
        0.017045454545454544,
        0.005154639175257732,
        0.006402048655569782,
        0.011764705882352941,
        0.006024096385542169,
        0.00980392156862745,
        0.017937219730941704,
        0.008888888888888889,
        0.005780346820809248,
        0.006920415224913495,
        0.008620689655172414,
        0.008130081300813009,
        0.00964630225080386,
        0.01282051282051282,
        0.019230769230769232,
        0.012987012987012988,
        0.014577259475218658,
        0.009404388714733543,
        0.00980392156862745,
        0.008928571428571428,
        0.006802721088435374,
        0.007326007326007326,
        0.004098360655737705,
        0.009202453987730062,
        0.009933774834437087,
        0.003816793893129771,
        0.010126582278481013,
        0.011396011396011397,
        0.009259259259259259,
        0.008522727272727272,
        0.01020408163265306,
        0.011267605633802818,
        0.0045871559633027525,
        0.006600660066006601,
        0.006968641114982578,
        0.01440329218106996,
        0.004347826086956522,
        0.018487394957983194,
        0.0037735849056603774,
        0.01486988847583643,
        0.005952380952380952,
        0.006644518272425249,
        0.004866180048661801,
        0.008152173913043478,
        0.010121457489878543,
        0.013986013986013986,
        0.002890173410404624,
        0.00558659217877095,
        0.00980392156862745,
        0.0047169811320754715,
        0.0070921985815602835,
        0.006864988558352402,
        0.013333333333333334,
        0.015209125475285171,
        0.007326007326007326,
        0.011583011583011582,
        0.005917159763313609,
        0.0033783783783783786,
        0.012048192771084338,
        0.007168458781362007,
        0.009230769230769232,
        0.004191114836546521,
        0.001697792869269949,
        0.0054446460980036296,
        0.008888888888888889,
        0.010752688172043012
      ],
      [
        0.012738853503184714,
        0.005813953488372093,
        1,
        0.004201680672268907,
        0.004366812227074236,
        0.005722460658082976,
        0.006688963210702341,
        0.0033444816053511705,
        0.007407407407407408,
        0.01276595744680851,
        0.009057971014492754,
        0.01195219123505976,
        0.008012820512820512,
        0.008658008658008658,
        0.006818181818181818,
        0.007692307692307693,
        0.014705882352941176,
        0.008032128514056224,
        0.007177033492822967,
        0.004405286343612335,
        0.00904977375565611,
        0.0038314176245210726,
        0.0035460992907801418,
        0.0071174377224199285,
        0.008771929824561403,
        0.00872093023255814,
        0.010452961672473868,
        0.016722408026755852,
        0.005434782608695652,
        0.005405405405405406,
        0.01559792027729636,
        0.00546448087431694,
        0.004975124378109453,
        0.005319148936170213,
        0.005509641873278237,
        0.005089058524173028,
        0.002849002849002849,
        0.0030303030303030303,
        0.010067114093959731,
        0.005221932114882507,
        0.002777777777777778,
        0.00949367088607595,
        0.004415011037527594,
        0.004889975550122249,
        0.002617801047120419,
        0.004889975550122249,
        0.005698005698005698,
        0.004842615012106538,
        0.007326007326007326,
        0.005571030640668524,
        0.0029069767441860465,
        0.005494505494505495,
        0.007017543859649123,
        0.0076103500761035,
        0.00625,
        0.0033333333333333335,
        0.00510204081632653,
        0.008426966292134831,
        0.008602150537634409,
        0.009456264775413711,
        0.00909090909090909,
        0.0102880658436214,
        0.0024875621890547263,
        0.004830917874396135,
        0.008287292817679558,
        0.016877637130801686,
        0.0029498525073746312,
        0.010183299389002037,
        0.012609117361784675,
        0.009375,
        0.0060790273556231,
        0.009523809523809525,
        0.0044444444444444444,
        0.011461318051575931,
        0.004484304932735426,
        0.00980392156862745,
        0.010526315789473684,
        0.008038585209003215,
        0.008282716731087797,
        0.009933774834437087,
        0.010714285714285714,
        0.002967359050445104
      ],
      [
        0.00211864406779661,
        0.005494505494505495,
        0.004201680672268907,
        1,
        0.015151515151515152,
        0.004038772213247173,
        0.0072992700729927005,
        0.014814814814814815,
        0.009259259259259259,
        0.013513513513513514,
        0.002544529262086514,
        0.02247191011235955,
        0.0064794816414686825,
        0.014492753623188406,
        0.0027739251040221915,
        0.020618556701030927,
        0.012096774193548387,
        0.023255813953488372,
        0.004437869822485207,
        0.015625,
        0.01694915254237288,
        0.01020408163265306,
        0.008403361344537815,
        0.008403361344537815,
        0.015151515151515152,
        0.00546448087431694,
        0.024193548387096774,
        0.021739130434782608,
        0.0048543689320388345,
        0.004807692307692308,
        0.004750593824228029,
        0.004901960784313725,
        0.004166666666666667,
        0.004672897196261682,
        0.004975124378109453,
        0.004329004329004329,
        0.005319148936170213,
        0.005988023952095809,
        0.014705882352941176,
        0.004524886877828055,
        0.005076142131979695,
        0.0064516129032258064,
        0.003436426116838488,
        0.004048582995951417,
        0.0045662100456621,
        0.004048582995951417,
        0.005291005291005291,
        0.00398406374501992,
        0.009009009009009009,
        0.005076142131979695,
        0.0055248618784530384,
        0.010471204188481676,
        0.01639344262295082,
        0.002008032128514056,
        0.006329113924050633,
        0.004576659038901602,
        0.013157894736842105,
        0.005128205128205128,
        0.013245033112582781,
        0.0038022813688212928,
        0.012919896640826873,
        0.009230769230769232,
        0.0041841004184100415,
        0.003968253968253968,
        0.004975124378109453,
        0.006309148264984227,
        0.005681818181818182,
        0.00909090909090909,
        0.004561003420752566,
        0.012658227848101266,
        0.012048192771084338,
        0.019736842105263157,
        0.016129032258064516,
        0.005291005291005291,
        0.03389830508474576,
        0.004415011037527594,
        0.004545454545454545,
        0.0018365472910927456,
        0.003621001810500905,
        0.002242152466367713,
        0.008403361344537815,
        0.011560693641618497
      ],
      [
        0.004329004329004329,
        0.005780346820809248,
        0.004366812227074236,
        0.015151515151515152,
        1,
        0.0040683482506102524,
        0.0078125,
        0.007874015748031496,
        0.010101010101010102,
        0.015384615384615385,
        0.005221932114882507,
        0.012345679012345678,
        0.0021929824561403508,
        0.016666666666666666,
        0.0028089887640449437,
        0.022727272727272728,
        0.008333333333333333,
        0.01282051282051282,
        0.0029940119760479044,
        0.037037037037037035,
        0.02,
        0.011235955056179775,
        0.01834862385321101,
        0.00909090909090909,
        0.017543859649122806,
        0.005747126436781609,
        0.017241379310344827,
        0.023255813953488372,
        0.01020408163265306,
        0.010101010101010102,
        0.002421307506053269,
        0.010309278350515464,
        0.008695652173913044,
        0.00980392156862745,
        0.005208333333333333,
        0.00904977375565611,
        0.011235955056179775,
        0.006329113924050633,
        0.0078125,
        0.009478672985781991,
        0.0106951871657754,
        0.013793103448275862,
        0.0071174377224199285,
        0.008438818565400843,
        0.009569377990430622,
        0.008438818565400843,
        0.005555555555555556,
        0.008298755186721992,
        0.00980392156862745,
        0.0106951871657754,
        0.005813953488372093,
        0.010723860589812333,
        0.008771929824561403,
        0.004098360655737705,
        0.013513513513513514,
        0.004672897196261682,
        0.0136986301369863,
        0.010810810810810811,
        0.0033783783783783786,
        0.011904761904761904,
        0.007894736842105263,
        0.006309148264984227,
        0.008733624454148471,
        0.00411522633744856,
        0.005208333333333333,
        0.006493506493506494,
        0.005988023952095809,
        0.0030959752321981426,
        0.0022988505747126436,
        0.006666666666666667,
        0.019230769230769232,
        0.013888888888888888,
        0.018867924528301886,
        0.0111731843575419,
        0.0196078431372549,
        0.0045045045045045045,
        0.004739336492890996,
        0.0027803521779425394,
        0.0012106537530266344,
        0.0045871559633027525,
        0.01834862385321101,
        0.006060606060606061
      ],
      [
        0.012970969734403953,
        0.0052122114668652275,
        0.005722460658082976,
        0.004038772213247173,
        0.0040683482506102524,
        1,
        0.0030745580322828594,
        0.004622496147919877,
        0.002356637863315004,
        0.002421307506053269,
        0.008397932816537468,
        0.0039904229848363925,
        0.009894867037724181,
        0.0016194331983805667,
        0.022174148188209845,
        0.006359300476947536,
        0.009252669039145907,
        0.005608974358974359,
        0.014285714285714285,
        0.0016260162601626016,
        0.0024509803921568627,
        0.003169572107765452,
        0.003117692907248636,
        0.00546875,
        0.0016233766233766235,
        0.01198501872659176,
        0.005439005439005439,
        0.006153846153846154,
        0.00881057268722467,
        0.011764705882352941,
        0.01532567049808429,
        0.008082292432035268,
        0.012221423436376708,
        0.01171303074670571,
        0.008843036109064112,
        0.013034033309196235,
        0.012696041822255415,
        0.009833585476550681,
        0.00539291217257319,
        0.014609203798392988,
        0.012611275964391691,
        0.007616146230007616,
        0.015309672929714684,
        0.012884753042233358,
        0.013888888888888888,
        0.012884753042233358,
        0.010424422933730455,
        0.013571428571428571,
        0.00550314465408805,
        0.009615384615384616,
        0.012003000750187547,
        0.017693315858453473,
        0.0038880248833592537,
        0.015853658536585366,
        0.010670731707317074,
        0.01903553299492386,
        0.011577424023154847,
        0.00962962962962963,
        0.016563146997929608,
        0.011307420494699646,
        0.01895424836601307,
        0.020477815699658702,
        0.012958963282937365,
        0.004243281471004243,
        0.008843036109064112,
        0.008141112618724558,
        0.009009009009009009,
        0.01078167115902965,
        0.021956087824351298,
        0.013750954927425516,
        0.009833585476550681,
        0.00916030534351145,
        0.0032626427406199023,
        0.008921933085501859,
        0.0016313213703099511,
        0.01820464532328939,
        0.013878743608473338,
        0.024500907441016333,
        0.037009893733968485,
        0.013182674199623353,
        0.007042253521126761,
        0.004491017964071856
      ],
      [
        0.0018726591760299626,
        0.016597510373443983,
        0.006688963210702341,
        0.0072992700729927005,
        0.0078125,
        0.0030745580322828594,
        1,
        0.005050505050505051,
        0.0058823529411764705,
        0.007352941176470588,
        0.011086474501108648,
        0.013245033112582781,
        0.0038022813688212928,
        0.007633587786259542,
        0.0038363171355498722,
        0.00625,
        0.006430868167202572,
        0.006711409395973154,
        0.0027063599458728013,
        0.007936507936507936,
        0.008264462809917356,
        0.00625,
        0.011111111111111112,
        0.0055248618784530384,
        0.0078125,
        0.012345679012345678,
        0.005319148936170213,
        0.009950248756218905,
        0.00749063670411985,
        0.003703703703703704,
        0.004140786749482402,
        0.0037593984962406013,
        0.006644518272425249,
        0.007272727272727273,
        0.0038022813688212928,
        0.013793103448275862,
        0.004,
        0.004366812227074236,
        0.010101010101010102,
        0.0070921985815602835,
        0.007751937984496124,
        0.004608294930875576,
        0.005681818181818182,
        0.009771986970684038,
        0.007142857142857143,
        0.009771986970684038,
        0.00398406374501992,
        0.00641025641025641,
        0.011627906976744186,
        0.003861003861003861,
        0.00411522633744856,
        0.004484304932735426,
        0.010869565217391304,
        0.00718132854578097,
        0.013761467889908258,
        0.002,
        0.003424657534246575,
        0.0038910505836575876,
        0.00821917808219178,
        0.006172839506172839,
        0.0066518847006651885,
        0.010362694300518135,
        0.013422818791946308,
        0.0031847133757961785,
        0.007633587786259542,
        0.013297872340425532,
        0.008438818565400843,
        0.0025380710659898475,
        0.0021253985122210413,
        0.00909090909090909,
        0.004366812227074236,
        0.009302325581395349,
        0.008064516129032258,
        0.016129032258064516,
        0.00819672131147541,
        0.009765625,
        0.0035460992907801418,
        0.004355400696864111,
        0.0029069767441860465,
        0.005928853754940711,
        0.0055248618784530384,
        0.00851063829787234
      ],
      [
        0.001876172607879925,
        0.008264462809917356,
        0.0033444816053511705,
        0.014814814814814815,
        0.007874015748031496,
        0.004622496147919877,
        0.005050505050505051,
        1,
        0.011904761904761904,
        0.007407407407407408,
        0.00663716814159292,
        0.013333333333333334,
        0.0057251908396946565,
        0.007692307692307693,
        0.007712082262210797,
        0.006289308176100629,
        0.003215434083601286,
        0.013605442176870748,
        0.005434782608695652,
        0.008,
        0.01680672268907563,
        0.02564102564102564,
        0.0111731843575419,
        0.0111731843575419,
        0.015873015873015872,
        0.012396694214876033,
        0.016216216216216217,
        0.01,
        0.019011406844106463,
        0.026615969581749048,
        0.018947368421052633,
        0.023076923076923078,
        0.02027027027027027,
        0.022222222222222223,
        0.015444015444015444,
        0.017361111111111112,
        0.016260162601626018,
        0.022321428571428572,
        0.005050505050505051,
        0.014336917562724014,
        0.01568627450980392,
        0.009302325581395349,
        0.01729106628242075,
        0.01644736842105263,
        0.01444043321299639,
        0.019801980198019802,
        0.016194331983805668,
        0.019543973941368076,
        0.011695906432748537,
        0.01568627450980392,
        0.02100840336134454,
        0.009029345372460496,
        0.016483516483516484,
        0.010830324909747292,
        0.009174311926605505,
        0.022494887525562373,
        0.02456140350877193,
        0.015810276679841896,
        0.008241758241758242,
        0.006191950464396285,
        0.006666666666666667,
        0.015665796344647518,
        0.023809523809523808,
        0.00641025641025641,
        0.003816793893129771,
        0.010638297872340425,
        0.004219409282700422,
        0.015463917525773196,
        0.008565310492505354,
        0.0091324200913242,
        0.00881057268722467,
        0.009345794392523364,
        0.01639344262295082,
        0.012096774193548387,
        0.008264462809917356,
        0.005847953216374269,
        0.0035587188612099642,
        0.004359197907585004,
        0.0017431725740848344,
        0.005940594059405941,
        0.005555555555555556,
        0.00425531914893617
      ],
      [
        0.005964214711729622,
        0.004651162790697674,
        0.007407407407407408,
        0.009259259259259259,
        0.010101010101010102,
        0.002356637863315004,
        0.0058823529411764705,
        0.011904761904761904,
        1,
        0.018867924528301886,
        0.007075471698113208,
        0.008130081300813009,
        0.00808080808080808,
        0.00980392156862745,
        0.006657789613848202,
        0.007633587786259542,
        0.014285714285714285,
        0.04310344827586207,
        0.004231311706629055,
        0.010309278350515464,
        0.010869565217391304,
        0.023255813953488372,
        0.02,
        0.02,
        0.010101010101010102,
        0.014018691588785047,
        0.012658227848101266,
        0.011627906976744186,
        0.030042918454935622,
        0.01680672268907563,
        0.008849557522123894,
        0.030303030303030304,
        0.022388059701492536,
        0.012244897959183673,
        0.017316017316017316,
        0.023166023166023165,
        0.01834862385321101,
        0.025510204081632654,
        0.023952095808383235,
        0.024096385542168676,
        0.01762114537444934,
        0.0106951871657754,
        0.025236593059936908,
        0.02181818181818182,
        0.020161290322580645,
        0.02181818181818182,
        0.022935779816513763,
        0.025179856115107913,
        0.006944444444444444,
        0.022123893805309734,
        0.018957345971563982,
        0.012077294685990338,
        0.012903225806451613,
        0.009487666034155597,
        0.015873015873015872,
        0.010706638115631691,
        0.023255813953488372,
        0.00881057268722467,
        0.005934718100890208,
        0.01020408163265306,
        0.01674641148325359,
        0.011204481792717087,
        0.02247191011235955,
        0.01060070671378092,
        0.004273504273504274,
        0.008595988538681949,
        0.009615384615384616,
        0.008264462809917356,
        0.007717750826901874,
        0.005208333333333333,
        0.010050251256281407,
        0.0053475935828877,
        0.010526315789473684,
        0.0045045045045045045,
        0.010752688172043012,
        0.006185567010309278,
        0.007936507936507936,
        0.005366726296958855,
        0.0035502958579881655,
        0.0041841004184100415,
        0.006578947368421052,
        0.004830917874396135
      ],
      [
        0.0021231422505307855,
        0.0055248618784530384,
        0.01276595744680851,
        0.013513513513513514,
        0.015384615384615385,
        0.002421307506053269,
        0.007352941176470588,
        0.007407407407407408,
        0.018867924528301886,
        1,
        0.002551020408163265,
        0.011235955056179775,
        0.004319654427645789,
        0.014705882352941176,
        0.004172461752433936,
        0.010309278350515464,
        0.02040816326530612,
        0.03571428571428571,
        0.0014771048744460858,
        0.015873015873015872,
        0.03508771929824561,
        0.020833333333333332,
        0.017094017094017096,
        0.02586206896551724,
        0.015384615384615385,
        0.0223463687150838,
        0.024390243902439025,
        0.007194244604316547,
        0.00980392156862745,
        0.009708737864077669,
        0.011990407673860911,
        0.009900990099009901,
        0.012658227848101266,
        0.014218009478672985,
        0.015151515151515152,
        0.01762114537444934,
        0.021739130434782608,
        0.018292682926829267,
        0.007352941176470588,
        0.018433179723502304,
        0.015463917525773196,
        0.013071895424836602,
        0.017482517482517484,
        0.01646090534979424,
        0.013888888888888888,
        0.01646090534979424,
        0.0106951871657754,
        0.008032128514056224,
        0.01834862385321101,
        0.010256410256410256,
        0.016853932584269662,
        0.010498687664041995,
        0.025,
        0.012195121951219513,
        0.006369426751592357,
        0.011547344110854504,
        0.008771929824561403,
        0.015625,
        0.006600660066006601,
        0.015444015444015444,
        0.007731958762886598,
        0.01238390092879257,
        0.01702127659574468,
        0.008,
        0.010050251256281407,
        0.012738853503184714,
        0.011494252873563218,
        0.0030211480362537764,
        0.005714285714285714,
        0.012738853503184714,
        0.012121212121212121,
        0.006535947712418301,
        0.01639344262295082,
        0.0106951871657754,
        0.01694915254237288,
        0.004424778761061947,
        0.0045662100456621,
        0.004608294930875576,
        0.0024125452352231603,
        0.0022471910112359553,
        0.00847457627118644,
        0.005780346820809248
      ],
      [
        0.006361323155216285,
        0.006024096385542169,
        0.009057971014492754,
        0.002544529262086514,
        0.005221932114882507,
        0.008397932816537468,
        0.011086474501108648,
        0.00663716814159292,
        0.007075471698113208,
        0.002551020408163265,
        1,
        0.004914004914004914,
        0.007712082262210797,
        0.002583979328165375,
        0.006769825918762089,
        0.002403846153846154,
        0.0142602495543672,
        0.020100502512562814,
        0.014242115971515769,
        0.002617801047120419,
        0.002652519893899204,
        0.004819277108433735,
        0.006896551724137931,
        0.0045871559633027525,
        0.0026041666666666665,
        0.004,
        0.009070294784580499,
        0.008791208791208791,
        0.005747126436781609,
        0.011516314779270634,
        0.009536784741144414,
        0.007707129094412331,
        0.007207207207207207,
        0.007561436672967864,
        0.007751937984496124,
        0.009174311926605505,
        0.007952286282306162,
        0.008298755186721992,
        0.006622516556291391,
        0.007462686567164179,
        0.001941747572815534,
        0.006369426751592357,
        0.008264462809917356,
        0.0071174377224199285,
        0.00749063670411985,
        0.008912655971479501,
        0.005940594059405941,
        0.008849557522123894,
        0.009389671361502348,
        0.0078125,
        0.010101010101010102,
        0.008595988538681949,
        0.00683371298405467,
        0.026381909547738693,
        0.008456659619450317,
        0.018842530282637954,
        0.005494505494505495,
        0.013806706114398421,
        0.011345218800648298,
        0.006920415224913495,
        0.0056657223796034,
        0.0141287284144427,
        0.007220216606498195,
        0.0035149384885764497,
        0.01364522417153996,
        0.009508716323296355,
        0.014344262295081968,
        0.015600624024960999,
        0.02129471890971039,
        0.004201680672268907,
        0.006211180124223602,
        0.004246284501061571,
        0.002631578947368421,
        0.005940594059405941,
        0.007978723404255319,
        0.005201560468140442,
        0.01125703564727955,
        0.020275162925416364,
        0.010714285714285714,
        0.009234828496042216,
        0.006896551724137931,
        0.0020325203252032522
      ],
      [
        0.008264462809917356,
        0.005076142131979695,
        0.01195219123505976,
        0.02247191011235955,
        0.012345679012345678,
        0.0039904229848363925,
        0.013245033112582781,
        0.013333333333333334,
        0.008130081300813009,
        0.011235955056179775,
        0.004914004914004914,
        1,
        0.008385744234800839,
        0.011904761904761904,
        0.009575923392612859,
        0.008849557522123894,
        0.019157088122605363,
        0.05102040816326531,
        0.005797101449275362,
        0.012658227848101266,
        0.013513513513513514,
        0.017857142857142856,
        0.015037593984962405,
        0.007462686567164179,
        0.012345679012345678,
        0.036458333333333336,
        0.014285714285714285,
        0.02631578947368421,
        0.0136986301369863,
        0.01818181818181818,
        0.011547344110854504,
        0.009174311926605505,
        0.011857707509881422,
        0.017699115044247787,
        0.014018691588785047,
        0.01646090534979424,
        0.009900990099009901,
        0.016666666666666666,
        0.006578947368421052,
        0.017167381974248927,
        0.014285714285714285,
        0.011834319526627219,
        0.013201320132013201,
        0.011538461538461539,
        0.017316017316017316,
        0.015444015444015444,
        0.004901960784313725,
        0.015209125475285171,
        0.016,
        0.0047169811320754715,
        0.015463917525773196,
        0.005012531328320802,
        0.022058823529411766,
        0.013806706114398421,
        0.029585798816568046,
        0.013392857142857142,
        0.025,
        0.024271844660194174,
        0.009433962264150943,
        0.014545454545454545,
        0.007425742574257425,
        0.017804154302670624,
        0.02,
        0.003745318352059925,
        0.018779342723004695,
        0.00906344410876133,
        0.02127659574468085,
        0.011627906976744186,
        0.010146561443066516,
        0.023391812865497075,
        0.016666666666666666,
        0.005917159763313609,
        0.012987012987012988,
        0.004901960784313725,
        0.013333333333333334,
        0.006423982869379015,
        0.00425531914893617,
        0.003629764065335753,
        0.005995203836930456,
        0.008733624454148471,
        0.007462686567164179,
        0.005291005291005291
      ],
      [
        0.01410105757931845,
        0.007029876977152899,
        0.008012820512820512,
        0.0064794816414686825,
        0.0021929824561403508,
        0.009894867037724181,
        0.0038022813688212928,
        0.0057251908396946565,
        0.00808080808080808,
        0.004319654427645789,
        0.007712082262210797,
        0.008385744234800839,
        1,
        0.006564551422319475,
        0.02297794117647059,
        0.010330578512396695,
        0.014240506329113924,
        0.00631578947368421,
        0.026897214217098942,
        0.0022026431718061676,
        0.0022271714922048997,
        0.006172839506172839,
        0.011904761904761904,
        0.009900990099009901,
        0.0021929824561403508,
        0.012345679012345678,
        0.009765625,
        0.011428571428571429,
        0.013582342954159592,
        0.015254237288135594,
        0.02135678391959799,
        0.010186757215619695,
        0.01610305958132045,
        0.018518518518518517,
        0.011965811965811967,
        0.01468189233278956,
        0.015789473684210527,
        0.01639344262295082,
        0.005714285714285714,
        0.014925373134328358,
        0.012048192771084338,
        0.011111111111111112,
        0.01639344262295082,
        0.014308426073131956,
        0.014975041597337771,
        0.01592356687898089,
        0.012216404886561954,
        0.015822784810126583,
        0.004,
        0.015544041450777202,
        0.01060070671378092,
        0.01837270341207349,
        0.009823182711198428,
        0.021839080459770115,
        0.012915129151291513,
        0.015931372549019607,
        0.024752475247524754,
        0.008605851979345954,
        0.014577259475218658,
        0.017107309486780714,
        0.02356020942408377,
        0.0169971671388102,
        0.022727272727272728,
        0.006259780907668232,
        0.010238907849829351,
        0.021613832853025938,
        0.007104795737122558,
        0.0211864406779661,
        0.03165584415584415,
        0.0166358595194085,
        0.012704174228675136,
        0.020599250936329586,
        0.004434589800443459,
        0.012216404886561954,
        0.006696428571428571,
        0.015625,
        0.011589403973509934,
        0.015078821110349555,
        0.012826837691169216,
        0.0194884287454324,
        0.005917159763313609,
        0.0071301247771836
      ],
      [
        0.002145922746781116,
        0.005681818181818182,
        0.008658008658008658,
        0.014492753623188406,
        0.016666666666666666,
        0.0016194331983805667,
        0.007633587786259542,
        0.007692307692307693,
        0.00980392156862745,
        0.014705882352941176,
        0.002583979328165375,
        0.011904761904761904,
        0.006564551422319475,
        1,
        0.004201680672268907,
        0.010869565217391304,
        0.00823045267489712,
        0.012345679012345678,
        0.001488095238095238,
        0.017241379310344827,
        0.018867924528301886,
        0.02197802197802198,
        0.02702702702702703,
        0.02702702702702703,
        0.016666666666666666,
        0.005649717514124294,
        0.01680672268907563,
        0.007462686567164179,
        0.03608247422680412,
        0.04639175257731959,
        0.009685230024213076,
        0.036458333333333336,
        0.03070175438596491,
        0.045,
        0.037037037037037035,
        0.0319634703196347,
        0.045714285714285714,
        0.03184713375796178,
        0.023255813953488372,
        0.03349282296650718,
        0.043478260869565216,
        0.034482758620689655,
        0.032490974729241874,
        0.03418803418803419,
        0.028846153846153848,
        0.029787234042553193,
        0.027932960893854747,
        0.03361344537815126,
        0.04950495049504951,
        0.03783783783783784,
        0.04142011834319527,
        0.01876675603217158,
        0.008547008547008548,
        0.0081799591002045,
        0.026845637583892617,
        0.0069767441860465115,
        0.022727272727272728,
        0.005291005291005291,
        0.006711409395973154,
        0.0038910505836575876,
        0.005208333333333333,
        0.00625,
        0.012987012987012988,
        0.0040650406504065045,
        0.005128205128205128,
        0.019543973941368076,
        0.0058823529411764705,
        0.009259259259259259,
        0.0034403669724770644,
        0.013157894736842105,
        0.006211180124223602,
        0.006756756756756757,
        0.017857142857142856,
        0.00546448087431694,
        0.018518518518518517,
        0.008988764044943821,
        0.004672897196261682,
        0.0009225092250922509,
        0.0006038647342995169,
        0.00684931506849315,
        0.008849557522123894,
        0.005952380952380952
      ],
      [
        0.009918845807033363,
        0.0024154589371980675,
        0.006818181818181818,
        0.0027739251040221915,
        0.0028089887640449437,
        0.022174148188209845,
        0.0038363171355498722,
        0.007712082262210797,
        0.006657789613848202,
        0.004172461752433936,
        0.006769825918762089,
        0.009575923392612859,
        0.02297794117647059,
        0.004201680672268907,
        1,
        0.009472259810554804,
        0.01126126126126126,
        0.009615384615384616,
        0.009900990099009901,
        0.004231311706629055,
        0.004261363636363636,
        0.006747638326585695,
        0.00788436268068331,
        0.009210526315789473,
        0.005633802816901409,
        0.012180267965895249,
        0.0078125,
        0.006385696040868455,
        0.017878426698450536,
        0.014218009478672985,
        0.02099236641221374,
        0.014285714285714285,
        0.01834862385321101,
        0.011737089201877934,
        0.017985611510791366,
        0.023282887077997673,
        0.014563106796116505,
        0.011166253101736972,
        0.012903225806451613,
        0.01756440281030445,
        0.015625,
        0.013888888888888888,
        0.019543973941368076,
        0.017045454545454544,
        0.01880141010575793,
        0.026376146788990827,
        0.01701093560145808,
        0.02043132803632236,
        0.01606425702811245,
        0.015625,
        0.01221001221001221,
        0.023785926660059464,
        0.010484927916120577,
        0.017761989342806393,
        0.017676767676767676,
        0.027436140018921477,
        0.020930232558139535,
        0.013221153846153846,
        0.009533898305084746,
        0.013348164627363738,
        0.02566633761105627,
        0.031746031746031744,
        0.0337995337995338,
        0.007838745800671893,
        0.011918951132300357,
        0.012578616352201259,
        0.013530135301353014,
        0.01344364012409514,
        0.03523035230352303,
        0.011278195488721804,
        0.009913258983890954,
        0.005012531328320802,
        0.0056657223796034,
        0.008433734939759036,
        0.0028328611898017,
        0.01942645698427382,
        0.012835472578763127,
        0.020551967116852612,
        0.023936170212765957,
        0.015784586815227482,
        0.003926701570680628,
        0.006119951040391677
      ],
      [
        0.006085192697768763,
        0.00980392156862745,
        0.007692307692307693,
        0.020618556701030927,
        0.022727272727272728,
        0.006359300476947536,
        0.00625,
        0.006289308176100629,
        0.007633587786259542,
        0.010309278350515464,
        0.002403846153846154,
        0.008849557522123894,
        0.010330578512396695,
        0.010869565217391304,
        0.009472259810554804,
        1,
        0.022388059701492536,
        0.027777777777777776,
        0.004291845493562232,
