/* eslint-disable no-undef */
/* eslint-disable max-len */
/* eslint-disable no-underscore-dangle */
/* eslint-disable no-console */
/* eslint-disable linebreak-style */
/* eslint-disable react/prop-types */
/* eslint-disable no-unused-vars */
/* eslint-disable no-use-before-define */
/* eslint-disable camelcase */
/* eslint-disable no-param-reassign */
import React, { Component, PureComponent } from 'react';
// import PropTypes from 'prop-types';
// import { connect } from 'react-redux';
// import { push } from 'react-router-redux';
import * as d3 from 'd3';
// import * as sententree from 'sententree';
// import { max } from 'moment';
// import { Row, Form } from 'antd';
import Chart from 'react-google-charts';
// eslint-disable-next-line import/no-unresolved
import netClustering from 'netclustering';
import * as science from 'science';
import * as Queue from 'tiny-queue';
import * as reorder from 'reorder.js/index';
import { string } from 'prop-types';
import * as jsnx from 'jsnetworkx';
import { OpinionLeader } from './OpinionLeader';
import { AuthorTable } from './authorTable';
import OpinionLeaderView from './OpinionLeaderView';
// import request from 'request';

const SetNumOfNodes = 200;
class Graph extends Component {
  constructor(props) {
    super(props);
    this.myRef = React.createRef();
    this.state = {
      ...props,
      draw: 1,
      cellData: {},
      beforeThisDate: '',
      cellForceSimulation: '',
      totalAuthorInfluence: '',
      user: [],
      hover: 0,
    };
    this.drawWordTree = this.drawWordTree.bind(this);
  }

  componentDidMount() {
    // console.log(this.props.name);
    // console.log('vis_DidMount');
  }

  componentWillReceiveProps(nextProps) {
    const { word } = this.props;
    // console.log(nextProps.word, word);
    if (JSON.stringify(nextProps.word) !== JSON.stringify(word)) {
      console.log('componentWillReceiveProps');
      this.setState({ word: nextProps.word });
    }
  }

  shouldComponentUpdate(nextProps, nextState) {
    // console.log('tempState: ', this.state, 'nextState: ', nextState);
    const { opState: thisOpState, ...thisWithoutOpState } = this.props;
    const { opState: nextOpstate, ...nextWithoutOpState } = nextProps;
    const { hover, word, mouseOverUser } = this.state;
    // console.log('tempProps: ', this.props, 'nextProps: ', nextProps);
    // console.log(thisWithoutOpState, nextWithoutOpState);
    if (JSON.stringify(mouseOverUser) !== JSON.stringify(nextState.mouseOverUser)) {
      console.log('vis update !');
      // this.props = nextProps;
      // this.drawwithlabels();
      return true;
    }
    if (!hover) {
      if (JSON.stringify(thisWithoutOpState) === JSON.stringify(nextWithoutOpState)) {
        // console.log('shouldUpdate? No!!');
        if (JSON.stringify(word) === JSON.stringify(nextState.word)) {
          console.log('shouldUpdate? No!!');
          return false;
        }
      }
    }
    console.log('vis update !');
    if (JSON.stringify(thisWithoutOpState)
      !== JSON.stringify(nextWithoutOpState) || nextState.draw === 1) {
      this.props = nextProps;
      this.drawwithlabels();
    }
    return true;
  }

  drawWordTree = (d) => {
    const options = {
      maxFontSize: 14,
      wordtree: {
        format: 'implicit',
        word: 'cats',
      },
    };
    const style = {
      float: 'left',
      border: '2px solid gray',
    };
    return (
      <div className="wordTree" style={style}>
        <Chart
          // style={style}
          chartType="WordTree"
          width="100%"
          height="700px"
          data={d}
          options={options}
        />
      </div>
    );
  }

  drawwithlabels() {
    function communityInnerMatrixReordering(mat, communityData) {
      let copyMat = mat.slice();
      communityData.forEach((com) => {
        const onlyCommunity = [];
        for (let i = 0; i < com.num; i += 1) {
          onlyCommunity.push(mat[i].slice(com.index, com.index + com.num));

        }
        console.log(onlyCommunity);
        const gra = reorder.mat2graph(onlyCommunity);
        const prePerm = reorder.spectral_order(gra);
        console.log(prePerm);
        const perm = [];
        for (let i = 0; i < mat.length; i += 1) {
          if (i < com.index || i >= com.index + com.num) {
            perm.push(i);
          } else {
            perm.push(prePerm[i - com.index] + com.index);
          }
        }
        console.log(perm);
        // const orig_gra = reorder.mat2graph(origMat);
        // const orig_perm = reorder.spectral_order(orig_gra);
        // const tempUser = userAxis.slice();
        // for (let j = 0; j < us.length; j += 1) {
        //   userAxis[j] = tempUser[perm[j]];
        // }
        // console.log(userAxis);
        let permutedMat = reorder.permute(mat, perm);
        permutedMat = reorder.transpose(permutedMat);
        permutedMat = reorder.permute(permutedMat, perm);
        permutedMat = reorder.transpose(permutedMat);
        copyMat = permutedMat;
        // let originalMat = reorder.permute(origMat, perm);
        // originalMat = reorder.transpose(originalMat);
        // originalMat = reorder.permute(originalMat, perm);
        // originalMat = reorder.transpose(originalMat);
      });

      return copyMat;
    }
    function matrixReordering(mat, origMat) {
      // console.log(mat, origMat, userAxis, users);
      // for (let i = 0; i < us.length; i += 1) {
      //   userAxis.push(Array(users.length).fill(''));
      // }

      const gra = reorder.mat2graph(mat);
      const perm = reorder.spectral_order(gra);

      const orig_gra = reorder.mat2graph(origMat);
      const orig_perm = reorder.spectral_order(orig_gra);

      // let tempUser = [...us];
      // for (let j = 0; j < us.length; j += 1) {
      //   userAxis[j] = tempUser[perm[j]];
      // }
      // tempUser = [...userAxis];
      // console.log(userAxis);
      let permutedMat = reorder.permute(mat, perm);
      permutedMat = reorder.transpose(permutedMat);
      permutedMat = reorder.permute(permutedMat, perm);
      permutedMat = reorder.transpose(permutedMat);
      console.log(permutedMat);
      let originalMat = reorder.permute(origMat, perm);
      originalMat = reorder.transpose(originalMat);
      originalMat = reorder.permute(originalMat, perm);
      originalMat = reorder.transpose(originalMat);

      return [permutedMat, originalMat];
    }

    let m1 =[
      [
        1,
        0.01809954751131222,
        0.10181818181818182,
        0.08050847457627118,
        0.0319634703196347,
        0.12972972972972974,
        0.07531380753138076,
        0.02553191489361702,
        0.047619047619047616,
        0.04090909090909091,
        0.08391608391608392,
        0.027149321266968326,
        0.03167420814479638,
        0.12652068126520682,
        0.038461538461538464,
        0.03125,
        0.04054054054054054,
        0.18051575931232092,
        0.19886363636363635,
        0.22358722358722358,
        0.22110552763819097,
        0.22303921568627452,
        0.2297979797979798,
        0.22413793103448276,
        0.2144638403990025,
        0.21095890410958903,
        0.2066326530612245,
        0.1729490022172949,
        0.22556390977443608,
        0.21588089330024815,
        0.21518987341772153,
        0.22193877551020408,
        0.1737891737891738,
        0.19602272727272727,
        0.21628498727735368,
        0.2123456790123457,
        0.13377926421404682,
        0.2016348773841962,
        0.15901060070671377,
        0.1875,
        0.15654952076677317,
        0.13356164383561644
      ],
      [
        0.01809954751131222,
        1,
        0.06542056074766354,
        0.06451612903225806,
        0.027777777777777776,
        0.07009345794392523,
        0.0967741935483871,
        0.0196078431372549,
        0.17777777777777778,
        0.14285714285714285,
        0.11009174311926606,
        0.22580645161290322,
        0.08333333333333333,
        0.014814814814814815,
        0.125,
        0.05,
        0.07692307692307693,
        0.027649769585253458,
        0.013043478260869565,
        0.03,
        0.02768166089965398,
        0.029900332225913623,
        0.027586206896551724,
        0.030100334448160536,
        0.027586206896551724,
        0.028455284552845527,
        0.03272727272727273,
        0.030303030303030304,
        0.030927835051546393,
        0.027303754266211604,
        0.031914893617021274,
        0.024734982332155476,
        0.032407407407407406,
        0.02654867256637168,
        0.03214285714285714,
        0.03424657534246575,
        0.02040816326530612,
        0.037037037037037035,
        0.019650655021834062,
        0.03133903133903134,
        0.02976190476190476,
        0.0364963503649635
      ],
      [
        0.10181818181818182,
        0.06542056074766354,
        1,
        0.11627906976744186,
        0.017699115044247787,
        0.149812734082397,
        0.06569343065693431,
        0.015625,
        0.056451612903225805,
        0.03508771929824561,
        0.12429378531073447,
        0.05454545454545454,
        0.02631578947368421,
        0.10344827586206896,
        0.03937007874015748,
        0.02564102564102564,
        0.061946902654867256,
        0.2336065573770492,
        0.29583333333333334,
        0.3253424657534247,
        0.3250883392226148,
        0.3197278911564626,
        0.30103806228373703,
        0.32646048109965636,
        0.3286219081272085,
        0.2980392156862745,
        0.326007326007326,
        0.20461095100864554,
        0.32167832167832167,
        0.3159722222222222,
        0.26804123711340205,
        0.31899641577060933,
        0.270042194092827,
        0.2863070539419087,
        0.30141843971631205,
        0.3194444444444444,
        0.2,
        0.2840466926070039,
        0.20575221238938052,
        0.23595505617977527,
        0.24875621890547264,
        0.1891891891891892
      ],
      [
        0.08050847457627118,
        0.06451612903225806,
        0.11627906976744186,
        1,
        0.11666666666666667,
        0.10683760683760683,
        0.20987654320987653,
        0.05128205128205128,
        0.136986301369863,
        0.16666666666666666,
        0.13533834586466165,
        0.0967741935483871,
        0.1896551724137931,
        0.06293706293706294,
        0.07692307692307693,
        0.043478260869565216,
        0.125,
        0.1145374449339207,
        0.1336206896551724,
        0.11513157894736842,
        0.11604095563139932,
        0.11475409836065574,
        0.11564625850340136,
        0.11551155115511551,
        0.11945392491467577,
        0.12301587301587301,
        0.11743772241992882,
        0.1044776119402985,
        0.11864406779661017,
        0.11073825503355705,
        0.11846689895470383,
        0.10726643598615918,
        0.12946428571428573,
        0.1148936170212766,
        0.11149825783972125,
        0.11409395973154363,
        0.1111111111111111,
        0.11462450592885376,
        0.07575757575757576,
        0.08888888888888889,
        0.0972972972972973,
        0.10967741935483871
      ],
      [
        0.0319634703196347,
        0.027777777777777776,
        0.017699115044247787,
        0.11666666666666667,
        1,
        0.059907834101382486,
        0.09523809523809523,
        0.08163265306122448,
        0.125,
        0.10810810810810811,
        0.08928571428571429,
        0.05405405405405406,
        0.21212121212121213,
        0.011029411764705883,
        0.0784313725490196,
        0.075,
        0.13157894736842105,
        0.0228310502283105,
        0.008620689655172414,
        0.019736842105263157,
        0.017064846416382253,
        0.016339869281045753,
        0.017006802721088437,
        0.01644736842105263,
        0.017006802721088437,
        0.020080321285140562,
        0.017857142857142856,
        0.020958083832335328,
        0.013468013468013467,
        0.016835016835016835,
        0.013888888888888888,
        0.017482517482517484,
        0.009009009009009009,
        0.013043478260869565,
        0.017543859649122806,
        0.013377926421404682,
        0.013422818791946308,
        0.012,
        0.012987012987012988,
        0.013966480446927373,
        0.017543859649122806,
        0.02142857142857143
      ],
      [
        0.12972972972972974,
        0.07009345794392523,
        0.149812734082397,
        0.10683760683760683,
        0.059907834101382486,
        1,
        0.0875,
        0.04700854700854701,
        0.08370044052863436,
        0.05909090909090909,
        0.3029045643153527,
        0.05963302752293578,
        0.0593607305936073,
        0.0911214953271028,
        0.0881057268722467,
        0.05855855855855856,
        0.0779816513761468,
        0.18181818181818182,
        0.19327731092436976,
        0.2456575682382134,
        0.24681933842239187,
        0.2419753086419753,
        0.2398989898989899,
        0.2462686567164179,
        0.23057644110275688,
        0.2185792349726776,
        0.23575129533678757,
        0.20316027088036118,
        0.23869346733668342,
        0.23809523809523808,
        0.22531645569620254,
        0.22588832487309646,
        0.20579710144927535,
        0.21428571428571427,
        0.2358974358974359,
        0.24060150375939848,
        0.14333333333333334,
        0.20923913043478262,
        0.1806797853309481,
        0.23333333333333334,
        0.17307692307692307,
        0.15120274914089346
      ],
      [
        0.07531380753138076,
        0.0967741935483871,
        0.06569343065693431,
        0.20987654320987653,
        0.09523809523809523,
        0.0875,
        1,
        0.12,
        0.14864864864864866,
        0.14285714285714285,
        0.125,
        0.06060606060606061,
        0.16393442622950818,
        0.04794520547945205,
        0.11688311688311688,
        0.05714285714285714,
        0.12121212121212122,
        0.07142857142857142,
        0.06854838709677419,
        0.07570977917981073,
        0.07166123778501629,
        0.07547169811320754,
        0.0749185667752443,
        0.0759493670886076,
        0.06451612903225806,
        0.07142857142857142,
        0.0711864406779661,
        0.07514450867052024,
        0.07792207792207792,
        0.07766990291262135,
        0.0802675585284281,
        0.07692307692307693,
        0.08050847457627118,
        0.06882591093117409,
        0.0664451827242525,
        0.07395498392282958,
        0.05813953488372093,
        0.06766917293233082,
        0.052742616033755275,
        0.07065217391304347,
        0.07894736842105263,
        0.09433962264150944
      ],
      [
        0.02553191489361702,
        0.0196078431372549,
        0.015625,
        0.05128205128205128,
        0.08163265306122448,
        0.04700854700854701,
        0.12,
        1,
        0.11290322580645161,
        0.037037037037037035,
        0.096,
        0.038461538461538464,
        0.057692307692307696,
        0.024734982332155476,
        0.09375,
        0.20833333333333334,
        0.05454545454545454,
        0.02575107296137339,
        0.0163265306122449,
        0.025236593059936908,
        0.02622950819672131,
        0.025157232704402517,
        0.026143790849673203,
        0.02531645569620253,
        0.02280130293159609,
        0.026717557251908396,
        0.0273972602739726,
        0.028901734104046242,
        0.022653721682847898,
        0.025889967637540454,
        0.023333333333333334,
        0.026845637583892617,
        0.03017241379310345,
        0.029045643153526972,
        0.02348993288590604,
        0.025806451612903226,
        0.012195121951219513,
        0.02681992337164751,
        0.021141649048625793,
        0.02717391304347826,
        0.02717391304347826,
        0.032679738562091505
      ],
      [
        0.047619047619047616,
        0.17777777777777778,
        0.056451612903225805,
        0.136986301369863,
        0.125,
        0.08370044052863436,
        0.14864864864864866,
        0.11290322580645161,
        1,
        0.1875,
        0.15966386554621848,
        0.14583333333333334,
        0.21739130434782608,
        0.017482517482517484,
        0.2033898305084746,
        0.1568627450980392,
        0.22916666666666666,
        0.030042918454935622,
        0.02459016393442623,
        0.03164556962025317,
        0.03289473684210526,
        0.031545741324921134,
        0.029411764705882353,
        0.031746031746031744,
        0.03278688524590164,
        0.034482758620689655,
        0.03436426116838488,
        0.043859649122807015,
        0.03257328990228013,
        0.032467532467532464,
        0.030100334448160536,
        0.03367003367003367,
        0.02564102564102564,
        0.024691358024691357,
        0.030303030303030304,
        0.03571428571428571,
        0.024539877300613498,
        0.026717557251908396,
        0.025423728813559324,
        0.03551912568306011,
        0.04395604395604396,
        0.046052631578947366
      ],
      [
        0.04090909090909091,
        0.14285714285714285,
        0.03508771929824561,
        0.16666666666666666,
        0.10810810810810811,
        0.05909090909090909,
        0.14285714285714285,
        0.037037037037037035,
        0.1875,
        1,
        0.11607142857142858,
        0.13513513513513514,
        0.22857142857142856,
        0.018315018315018316,
        0.11538461538461539,
        0.12195121951219512,
        0.12195121951219512,
        0.027149321266968326,
        0.034934497816593885,
        0.03642384105960265,
        0.03793103448275862,
        0.036303630363036306,
        0.037800687285223365,
        0.036544850498338874,
        0.03424657534246575,
        0.044715447154471545,
        0.03597122302158273,
        0.026865671641791045,
        0.034013605442176874,
        0.03741496598639456,
        0.03508771929824561,
        0.031578947368421054,
        0.04128440366972477,
        0.03508771929824561,
        0.0353356890459364,
        0.04081632653061224,
        0.019867549668874173,
        0.03225806451612903,
        0.028384279475982533,
        0.036827195467422094,
        0.047337278106508875,
        0.057971014492753624
      ],
      [
        0.08391608391608392,
        0.11009174311926606,
        0.12429378531073447,
        0.13533834586466165,
        0.08928571428571429,
        0.3029045643153527,
        0.125,
        0.096,
        0.15966386554621848,
        0.11607142857142858,
        1,
        0.1388888888888889,
        0.11711711711711711,
        0.0621301775147929,
        0.13008130081300814,
        0.13392857142857142,
        0.13392857142857142,
        0.0657439446366782,
        0.11188811188811189,
        0.11299435028248588,
        0.11695906432748537,
        0.11267605633802817,
        0.11014492753623188,
        0.11647727272727272,
        0.1069364161849711,
        0.10819672131147541,
        0.10479041916167664,
        0.112565445026178,
        0.10951008645533142,
        0.10919540229885058,
        0.10263929618768329,
        0.10619469026548672,
        0.08833922261484099,
        0.08934707903780069,
        0.10650887573964497,
        0.10888252148997135,
        0.10328638497652583,
        0.10855263157894737,
        0.08447937131630648,
        0.11194029850746269,
        0.11206896551724138,
        0.11822660098522167
      ],
      [
        0.027149321266968326,
        0.22580645161290322,
        0.05454545454545454,
        0.0967741935483871,
        0.05405405405405406,
        0.05963302752293578,
        0.06060606060606061,
        0.038461538461538464,
        0.14583333333333334,
        0.13513513513513514,
        0.1388888888888889,
        1,
        0.07894736842105263,
        0.022222222222222223,
        0.09803921568627451,
        0.1282051282051282,
        0.1282051282051282,
        0.022727272727272728,
        0.026200873362445413,
        0.026402640264026403,
        0.023972602739726026,
        0.02631578947368421,
        0.023890784982935155,
        0.026490066225165563,
        0.0273972602739726,
        0.032388663967611336,
        0.025089605734767026,
        0.02702702702702703,
        0.023728813559322035,
        0.02364864864864865,
        0.024475524475524476,
        0.02456140350877193,
        0.03211009174311927,
        0.02631578947368421,
        0.02464788732394366,
        0.02702702702702703,
        0.020134228187919462,
        0.024193548387096774,
        0.01735357917570499,
        0.02824858757062147,
        0.023391812865497075,
        0.02127659574468085
      ],
      [
        0.03167420814479638,
        0.08333333333333333,
        0.02631578947368421,
        0.1896551724137931,
        0.21212121212121213,
        0.0593607305936073,
        0.16393442622950818,
        0.057692307692307696,
        0.21739130434782608,
        0.22857142857142856,
        0.11711711711711711,
        0.07894736842105263,
        1,
        0.01838235294117647,
        0.16326530612244897,
        0.0975609756097561,
        0.25,
        0.013452914798206279,
        0.021645021645021644,
        0.022950819672131147,
        0.023890784982935155,
        0.02287581699346405,
        0.023809523809523808,
        0.023026315789473683,
        0.023809523809523808,
        0.028112449799196786,
        0.025,
        0.023880597014925373,
        0.02364864864864865,
        0.02356902356902357,
        0.024390243902439025,
        0.020905923344947737,
        0.02727272727272727,
        0.021739130434782608,
        0.02456140350877193,
        0.020066889632107024,
        0.02,
        0.024096385542168676,
        0.019522776572668113,
        0.025280898876404494,
        0.029239766081871343,
        0.03571428571428571
      ],
      [
        0.12652068126520682,
        0.014814814814814815,
        0.10344827586206896,
        0.06293706293706294,
        0.011029411764705883,
        0.0911214953271028,
        0.04794520547945205,
        0.024734982332155476,
        0.017482517482517484,
        0.018315018315018316,
        0.0621301775147929,
        0.022222222222222223,
        0.01838235294117647,
        1,
        0.02097902097902098,
        0.010830324909747292,
        0.01818181818181818,
        0.0924170616113744,
        0.20460358056265984,
        0.1891304347826087,
        0.18625277161862527,
        0.19130434782608696,
        0.18061674008810572,
        0.1895424836601307,
        0.17543859649122806,
        0.1859903381642512,
        0.18906605922551253,
        0.13111545988258316,
        0.18763796909492272,
        0.17685589519650655,
        0.18344519015659955,
        0.17857142857142858,
        0.18205128205128204,
        0.175,
        0.1842696629213483,
        0.1894273127753304,
        0.1582089552238806,
        0.18072289156626506,
        0.1407766990291262,
        0.1695906432748538,
        0.09018567639257294,
        0.07042253521126761
      ],
      [
        0.038461538461538464,
        0.125,
        0.03937007874015748,
        0.07692307692307693,
        0.0784313725490196,
        0.0881057268722467,
        0.11688311688311688,
        0.09375,
        0.2033898305084746,
        0.11538461538461539,
        0.13008130081300814,
        0.09803921568627451,
        0.16326530612244897,
        0.02097902097902098,
        1,
        0.17647058823529413,
        0.17647058823529413,
        0.012605042016806723,
        0.028688524590163935,
        0.025078369905956112,
        0.026058631921824105,
        0.025,
        0.029315960912052116,
        0.025157232704402517,
        0.025974025974025976,
        0.026515151515151516,
        0.027210884353741496,
        0.040697674418604654,
        0.025806451612903226,
        0.02572347266881029,
        0.026578073089700997,
        0.02666666666666667,
        0.02553191489361702,
        0.02459016393442623,
        0.026755852842809364,
        0.02564102564102564,
        0.03067484662576687,
        0.022727272727272728,
        0.018907563025210083,
        0.02702702702702703,
        0.032432432432432434,
        0.03896103896103896
      ],
      [
        0.03125,
        0.05,
        0.02564102564102564,
        0.043478260869565216,
        0.075,
        0.05855855855855856,
        0.05714285714285714,
        0.20833333333333334,
        0.1568627450980392,
        0.12195121951219512,
        0.13392857142857142,
        0.1282051282051282,
        0.0975609756097561,
        0.010830324909747292,
        0.17647058823529413,
        1,
        0.09090909090909091,
        0.0043859649122807015,
        0.008438818565400843,
        0.009615384615384616,
        0.01,
        0.009584664536741214,
        0.009966777408637873,
        0.00964630225080386,
        0.009966777408637873,
        0.01171875,
        0.010452961672473868,
        0.01764705882352941,
        0.006578947368421052,
        0.009868421052631578,
        0.006779661016949152,
        0.010238907849829351,
        0.01327433628318584,
        0.00847457627118644,
        0.006825938566552901,
        0.009836065573770493,
        0.0064516129032258064,
        0.0078125,
        0.006382978723404255,
        0.00821917808219178,
        0.011299435028248588,
        0.006802721088435374
      ],
      [
        0.04054054054054054,
        0.07692307692307693,
        0.061946902654867256,
        0.125,
        0.13157894736842105,
        0.0779816513761468,
        0.12121212121212122,
        0.05454545454545454,
        0.22916666666666666,
        0.12195121951219512,
        0.13392857142857142,
        0.1282051282051282,
        0.25,
        0.01818181818181818,
        0.17647058823529413,
        0.09090909090909091,
        1,
        0.022321428571428572,
        0.02575107296137339,
        0.026058631921824105,
        0.02364864864864865,
        0.025974025974025976,
        0.02356902356902357,
        0.026143790849673203,
        0.02702702702702703,
        0.027777777777777776,
        0.028368794326241134,
        0.03592814371257485,
        0.026845637583892617,
        0.026755852842809364,
        0.02768166089965398,
        0.02422145328719723,
        0.026905829596412557,
        0.02145922746781116,
        0.027874564459930314,
        0.02666666666666667,
        0.0196078431372549,
        0.027888446215139442,
        0.01939655172413793,
        0.016574585635359115,
        0.03468208092485549,
        0.04225352112676056
      ],
      [
        0.18051575931232092,
        0.027649769585253458,
        0.2336065573770492,
        0.1145374449339207,
        0.0228310502283105,
        0.18181818181818182,
        0.07142857142857142,
        0.02575107296137339,
        0.030042918454935622,
        0.027149321266968326,
        0.0657439446366782,
        0.022727272727272728,
        0.013452914798206279,
        0.0924170616113744,
        0.012605042016806723,
        0.0043859649122807015,
        0.022321428571428572,
        1,
        0.4634146341463415,
        0.6423841059602649,
        0.6351351351351351,
        0.6456953642384106,
        0.632996632996633,
        0.6336633663366337,
        0.6496598639455783,
        0.6058394160583942,
        0.5858585858585859,
        0.3868421052631579,
        0.6508474576271186,
        0.6266666666666667,
        0.6426116838487973,
        0.6335616438356164,
        0.4748201438848921,
        0.5518518518518518,
        0.6301369863013698,
        0.652027027027027,
        0.348,
        0.6319702602230484,
        0.4155844155844156,
        0.43342036553524804,
        0.48760330578512395,
        0.41201716738197425
      ],
      [
        0.19886363636363635,
        0.013043478260869565,
        0.29583333333333334,
        0.1336206896551724,
        0.008620689655172414,
        0.19327731092436976,
        0.06854838709677419,
        0.0163265306122449,
        0.02459016393442623,
        0.034934497816593885,
        0.11188811188811189,
        0.026200873362445413,
        0.021645021645021644,
        0.20460358056265984,
        0.028688524590163935,
        0.008438818565400843,
        0.02575107296137339,
        0.4634146341463415,
        1,
        0.7210884353741497,
        0.6917808219178082,
        0.7186440677966102,
        0.7010309278350515,
        0.7294520547945206,
        0.71875,
        0.6853932584269663,
        0.7302158273381295,
        0.3984375,
        0.7256944444444444,
        0.6938775510204082,
        0.6827586206896552,
        0.6909722222222222,
        0.6153846153846154,
        0.625,
        0.6816608996539792,
        0.7030716723549488,
        0.6139534883720931,
        0.6446886446886447,
        0.46255506607929514,
        0.5357142857142857,
        0.46825396825396826,
        0.3780487804878049
      ],
      [
        0.22358722358722358,
        0.03,
        0.3253424657534247,
        0.11513157894736842,
        0.019736842105263157,
        0.2456575682382134,
        0.07570977917981073,
        0.025236593059936908,
        0.03164556962025317,
        0.03642384105960265,
        0.11299435028248588,
        0.026402640264026403,
        0.022950819672131147,
        0.1891304347826087,
        0.025078369905956112,
        0.009615384615384616,
        0.026058631921824105,
        0.6423841059602649,
        0.7210884353741497,
        1,
        0.9453924914675768,
        0.9829931972789115,
        0.9225589225589226,
        0.9829351535836177,
        0.9421768707482994,
        0.8013698630136986,
        0.9075342465753424,
        0.49148418491484186,
        0.9623287671232876,
        0.9523809523809523,
        0.9054054054054054,
        0.9347079037800687,
        0.6870748299319728,
        0.7294520547945206,
        0.9115646258503401,
        0.962457337883959,
        0.4536082474226804,
        0.7857142857142857,
        0.6299559471365639,
        0.6754617414248021,
        0.5221843003412969,
        0.4212328767123288
      ],
      [
        0.22110552763819097,
        0.02768166089965398,
        0.3250883392226148,
        0.11604095563139932,
        0.017064846416382253,
        0.24681933842239187,
        0.07166123778501629,
        0.02622950819672131,
        0.03289473684210526,
        0.03793103448275862,
        0.11695906432748537,
        0.023972602739726026,
        0.023890784982935155,
        0.18625277161862527,
        0.026058631921824105,
        0.01,
        0.02364864864864865,
        0.6351351351351351,
        0.6917808219178082,
        0.9453924914675768,
        1,
        0.9421768707482994,
        0.9078498293515358,
        0.935374149659864,
        0.9078498293515358,
        0.7909407665505227,
        0.8664383561643836,
        0.47665847665847666,
        0.9212328767123288,
        0.9115646258503401,
        0.8648648648648649,
        0.9131944444444444,
        0.6689655172413793,
        0.7420494699646644,
        0.8707482993197279,
        0.9215017064846417,
        0.43205574912891986,
        0.7508532423208191,
        0.6035242290748899,
        0.6481481481481481,
        0.5335689045936396,
        0.42907801418439717
      ],
      [
        0.22303921568627452,
        0.029900332225913623,
        0.3197278911564626,
        0.11475409836065574,
        0.016339869281045753,
        0.2419753086419753,
        0.07547169811320754,
        0.025157232704402517,
        0.031545741324921134,
        0.036303630363036306,
        0.11267605633802817,
        0.02631578947368421,
        0.02287581699346405,
        0.19130434782608696,
        0.025,
        0.009584664536741214,
        0.025974025974025976,
        0.6456953642384106,
        0.7186440677966102,
        0.9829931972789115,
        0.9421768707482994,
        1,
        0.9194630872483222,
        0.9728813559322034,
        0.9389830508474576,
        0.7986348122866894,
        0.9044368600682594,
        0.49391727493917276,
        0.9590443686006825,
        0.9491525423728814,
        0.9023569023569024,
        0.9249146757679181,
        0.6904761904761905,
        0.726962457337884,
        0.9084745762711864,
        0.9591836734693877,
        0.447098976109215,
        0.7830508474576271,
        0.6285714285714286,
        0.6736842105263158,
        0.5255972696245734,
        0.4246575342465753
      ],
      [
        0.2297979797979798,
        0.027586206896551724,
        0.30103806228373703,
        0.11564625850340136,
        0.017006802721088437,
        0.2398989898989899,
        0.0749185667752443,
        0.026143790849673203,
        0.029411764705882353,
        0.037800687285223365,
        0.11014492753623188,
        0.023890784982935155,
        0.023809523809523808,
        0.18061674008810572,
        0.029315960912052116,
        0.009966777408637873,
        0.02356902356902357,
        0.632996632996633,
        0.7010309278350515,
        0.9225589225589226,
        0.9078498293515358,
        0.9194630872483222,
        1,
        0.912751677852349,
        0.9047619047619048,
        0.794425087108014,
        0.8508474576271187,
        0.48641975308641977,
        0.9050847457627119,
        0.8956228956228957,
        0.8682432432432432,
        0.9233449477351916,
        0.660958904109589,
        0.75177304964539,
        0.8677966101694915,
        0.898989898989899,
        0.4305555555555556,
        0.7542662116040956,
        0.5951859956236324,
        0.6421052631578947,
        0.4948453608247423,
        0.3931034482758621
      ],
      [
        0.22413793103448276,
        0.030100334448160536,
        0.32646048109965636,
        0.11551155115511551,
        0.01644736842105263,
        0.2462686567164179,
        0.0759493670886076,
        0.02531645569620253,
        0.031746031746031744,
        0.036544850498338874,
        0.11647727272727272,
        0.026490066225165563,
        0.023026315789473683,
        0.1895424836601307,
        0.025157232704402517,
        0.00964630225080386,
        0.026143790849673203,
        0.6336633663366337,
        0.7294520547945206,
        0.9829351535836177,
        0.935374149659864,
        0.9728813559322034,
        0.912751677852349,
        1,
        0.9322033898305084,
        0.7918088737201365,
        0.9106529209621993,
        0.4926829268292683,
        0.9522184300341296,
        0.9423728813559322,
        0.8956228956228957,
        0.9246575342465754,
        0.689419795221843,
        0.726027397260274,
        0.9016949152542373,
        0.9523809523809523,
        0.45517241379310347,
        0.7762711864406779,
        0.6277533039647577,
        0.6728232189973615,
        0.5136054421768708,
        0.4129692832764505
      ],
      [
        0.2144638403990025,
        0.027586206896551724,
        0.3286219081272085,
        0.11945392491467577,
        0.017006802721088437,
        0.23057644110275688,
        0.06451612903225806,
        0.02280130293159609,
        0.03278688524590164,
        0.03424657534246575,
        0.1069364161849711,
        0.0273972602739726,
        0.023809523809523808,
        0.17543859649122806,
        0.025974025974025976,
        0.009966777408637873,
        0.02702702702702703,
        0.6496598639455783,
        0.71875,
        0.9421768707482994,
        0.9078498293515358,
        0.9389830508474576,
        0.9047619047619048,
        0.9322033898305084,
        1,
        0.8133802816901409,
        0.8762886597938144,
        0.505,
        0.9312714776632303,
        0.9149659863945578,
        0.8619528619528619,
        0.9100346020761245,
        0.660958904109589,
        0.7455830388692579,
        0.886986301369863,
        0.9315068493150684,
        0.4558303886925795,
        0.7423728813559322,
        0.6021978021978022,
        0.6421052631578947,
        0.5104166666666666,
        0.4076655052264808
      ],
      [
        0.21095890410958903,
        0.028455284552845527,
        0.2980392156862745,
        0.12301587301587301,
        0.020080321285140562,
        0.2185792349726776,
        0.07142857142857142,
        0.026717557251908396,
        0.034482758620689655,
        0.044715447154471545,
        0.10819672131147541,
        0.032388663967611336,
        0.028112449799196786,
        0.1859903381642512,
        0.026515151515151516,
        0.01171875,
        0.027777777777777776,
        0.6058394160583942,
        0.6853932584269663,
        0.8013698630136986,
        0.7909407665505227,
        0.7986348122866894,
        0.794425087108014,
        0.7918088737201365,
        0.8133802816901409,
        1,
        0.8086642599277978,
        0.43556701030927836,
        0.7951388888888888,
        0.7679180887372014,
        0.7700348432055749,
        0.7665505226480837,
        0.6479400749063671,
        0.7817460317460317,
        0.775438596491228,
        0.7773972602739726,
        0.491869918699187,
        0.7631578947368421,
        0.5099337748344371,
        0.5648648648648649,
        0.4828897338403042,
        0.3861003861003861
      ],
      [
        0.2066326530612245,
        0.03272727272727273,
        0.326007326007326,
        0.11743772241992882,
        0.017857142857142856,
        0.23575129533678757,
        0.0711864406779661,
        0.0273972602739726,
        0.03436426116838488,
        0.03597122302158273,
        0.10479041916167664,
        0.025089605734767026,
        0.025,
        0.18906605922551253,
        0.027210884353741496,
        0.010452961672473868,
        0.028368794326241134,
        0.5858585858585859,
        0.7302158273381295,
        0.9075342465753424,
        0.8664383561643836,
        0.9044368600682594,
        0.8508474576271187,
        0.9106529209621993,
        0.8762886597938144,
        0.8086642599277978,
        1,
        0.45544554455445546,
        0.8831615120274914,
        0.8801369863013698,
        0.8271186440677966,
        0.8487972508591065,
        0.7065217391304348,
        0.7454545454545455,
        0.8581314878892734,
        0.896551724137931,
        0.44727272727272727,
        0.7793594306049823,
        0.5783664459161147,
        0.6397849462365591,
        0.5309090909090909,
        0.4233576642335766
      ],
      [
        0.1729490022172949,
        0.030303030303030304,
        0.20461095100864554,
        0.1044776119402985,
        0.020958083832335328,
        0.20316027088036118,
        0.07514450867052024,
        0.028901734104046242,
        0.043859649122807015,
        0.026865671641791045,
        0.112565445026178,
        0.02702702702702703,
        0.023880597014925373,
        0.13111545988258316,
        0.040697674418604654,
        0.01764705882352941,
        0.03592814371257485,
        0.3868421052631579,
        0.3984375,
        0.49148418491484186,
        0.47665847665847666,
        0.49391727493917276,
        0.48641975308641977,
        0.4926829268292683,
        0.505,
        0.43556701030927836,
        0.45544554455445546,
        1,
        0.49135802469135803,
        0.47560975609756095,
        0.47277227722772275,
        0.47761194029850745,
        0.36883116883116884,
        0.3958333333333333,
        0.457002457002457,
        0.48166259168704156,
        0.2752808988764045,
        0.40404040404040403,
        0.35500878734622143,
        0.38461538461538464,
        0.30684931506849317,
        0.26345609065155806
      ],
      [
        0.22556390977443608,
        0.030927835051546393,
        0.32167832167832167,
        0.11864406779661017,
        0.013468013468013467,
        0.23869346733668342,
        0.07792207792207792,
        0.022653721682847898,
        0.03257328990228013,
        0.034013605442176874,
